
Setting Up.
Vsup for all sensors = 3.28
Vcc for all sensors = 4.95
Vref for sensor 1 = 1641.64
Remove Sensor.
Send any character when sensor is removed.
Zeroing
98.44
Vref new = 1740.08
Finished Setting Up, Replace Sensor Now.
T1, mV, nA, C1
20.75, 1799.65, 595.69, 141423.34
20.53, 1795.28, 552.01, 131258.82
20.45, 1798.96, 588.78, 140076.62
20.37, 1801.30, 612.23, 145739.75
20.42, 1802.31, 622.33, 148091.35
20.46, 1802.38, 622.95, 148195.26
20.45, 1802.57, 624.90, 148673.01
20.25, 1802.67, 625.89, 149118.09
20.25, 1802.60, 625.14, 148939.17
20.32, 1802.75, 626.71, 149242.95
20.08, 1802.75, 626.72, 149491.43
20.13, 1802.84, 627.56, 149642.73
20.25, 1802.83, 627.50, 149502.21
20.28, 1802.83, 627.47, 149458.92
20.32, 1802.92, 628.41, 149640.10
20.29, 1802.78, 626.96, 149331.67
20.19, 1802.85, 627.70, 149612.04
20.17, 1802.82, 627.42, 149560.20
20.25, 1802.92, 628.41, 149716.51
20.17, 1803.03, 629.51, 150067.51
20.10, 1803.09, 630.05, 150264.43
20.06, 1803.10, 630.23, 150346.39
19.81, 1803.26, 631.81, 150989.17
21.26, 1803.25, 631.71, 149449.67
20.23, 1803.93, 638.50, 152142.18
20.17, 1803.68, 636.01, 151614.40
19.99, 1803.13, 630.53, 150496.48
19.93, 1803.18, 631.03, 150677.76
20.05, 1803.10, 630.21, 150357.53
19.93, 1803.19, 631.08, 150693.46
19.99, 1803.20, 631.16, 150645.29
19.87, 1803.14, 630.55, 150627.68
19.94, 1803.10, 630.18, 150465.32
19.96, 1803.16, 630.73, 150578.57
19.95, 1803.07, 629.91, 150391.39
20.04, 1803.01, 629.33, 150156.70
20.05, 1803.01, 629.27, 150127.85
19.84, 1803.06, 629.75, 150463.32
19.87, 1803.05, 629.72, 150430.51
19.56, 1803.04, 629.62, 150728.18
19.94, 1803.12, 630.42, 150518.67
19.93, 1803.18, 630.95, 150654.98
19.97, 1803.14, 630.54, 150519.65
19.90, 1803.13, 630.44, 150566.89
19.98, 1803.09, 630.12, 150411.62

Se= 3.28
Vcc for all sensors = 4.95
Vref for sensor 1 = 1641.64
Remove Sensor.
Send any character when sensor is removed.

Setting Up.
Vsup for all sensors = 3.28
Vcc for all sensors = 4.95
Vref for sensor 1 = 1641.64
Remove Sensor.
Send any character when sensor is removed.
Zeroing
166.29
Vref new = 1807.93
Finished Setting Up, Replace Sensor Now.
T1, mV, nA, C1
20.25, 1803.22, -47.06, -11212.96
20.19, 1803.12, -48.10, -11464.93
19.94, 1803.02, -49.04, -11709.74
19.86, 1803.09, -48.34, -11548.88
19.85, 1803.10, -48.25, -11528.34
20.03, 1803.03, -49.00, -11692.05
19.39, 1802.95, -49.81, -11939.33
19.92, 1802.98, -49.49, -11817.45
19.92, 1802.95, -49.75, -11879.31
20.05, 1802.93, -50.01, -11931.15
19.98, 1802.95, -49.79, -11884.63
19.96, 1802.97, -49.55, -11829.92
19.93, 1802.91, -50.15, -11974.61
19.97, 1802.80, -51.29, -12242.53
19.95, 1802.85, -50.81, -12130.52
19.96, 1802.77, -51.63, -12326.02
19.94, 1802.78, -51.47, -12288.86
19.87, 1803.02, -49.07, -11721.11
19.94, 1803.02, -49.10, -11722.97
19.97, 1803.00, -49.27, -11761.75
19.94, 1803.02, -49.12, -11727.87
19.93, 1802.84, -50.91, -12155.90
19.93, 1802.81, -51.19, -12222.54
19.96, 1802.89, -50.43, -12039.36
19.94, 1802.82, -51.08, -12196.16
19.91, 1802.95, -49.80, -11893.41
19.89, 1802.79, -51.43, -12283.16
20.76, 1802.50, -54.26, -12881.61
20.13, 1802.80, -51.27, -12226.62
19.94, 1802.71, -52.21, -12465.27
19.87, 1802.33, -56.02, -13381.00
19.93, 1802.19, -57.41, -13709.29
20.01, 1802.30, -56.27, -13427.24
20.04, 1802.39, -55.39, -13215.48
19.96, 1802.44, -54.90, -13106.67
20.02, 1802.42, -55.06, -13140.18
19.86, 1802.57, -53.62, -12810.39
19.97, 1802.49, -54.35, -12974.31
19.95, 1802.24, -56.86, -13575.20
20.01, 1802.39, -55.42, -13226.33
19.95, 1802.46, -54.73, -13066.34
20.05, 1802.55, -53.74, -12821.62
19.99, 1802.66, -52.67, -12572.09
20.10, 1802.73, -52.02, -12406.48
20.10, 1802.78, -51.51, -12285.86
20.13, 1802.68, -52.44, -12504.84
20.04, 1802.74, -51.90, -12383.91
20.04, 1802.79, -51.34, -12249.38
20.07, 1802.84, -50.89, -12138.16
20.06, 1802.89, -50.39, -12020.71
20.03, 1802.78, -51.53, -12296.70
20.04, 1802.76, -51.72, -12340.04
20.08, 1802.55, -53.74, -12819.59
20.16, 1802.60, -53.27, -12698.22
20.05, 1802.27, -56.59, -13501.05
20.07, 1802.16, -57.72, -13768.04
20.10, 1801.95, -59.78, -14258.55
20.06, 1801.94, -59.85, -14277.58
20.01, 1801.57, -63.56, -15169.30
19.96, 1801.50, -64.30, -15350.89
20.09, 1801.23, -67.01, -15981.43
19.93, 1800.66, -72.65, -17346.32
19.98, 1800.92, -70.12, -16738.68
19.99, 1800.77, -71.63, -17096.00
19.98, 1800.28, -76.50, -18260.62
20.02, 1800.60, -73.26, -17482.42
20.03, 1800.56, -73.72, -17590.75
20.04, 1800.13, -77.95, -18599.18
19.95, 1800.88, -70.51, -16834.42
20.01, 1800.82, -71.07, -16959.14
19.92, 1800.63, -72.96, -17422.54
19.99, 1801.16, -67.64, -16145.24
19.96, 1801.42, -65.12, -15545.93
20.02, 1801.74, -61.88, -14764.88
20.03, 1802.16, -57.65, -13756.52
20.04, 1802.63, -53.01, -12646.87
19.98, 1802.79, -51.43, -12275.10
19.94, 1802.90, -50.29, -12007.10
19.95, 1802.95, -49.77, -11882.94
19.95, 1803.00, -49.28, -11765.71
20.06, 1803.05, -48.80, -11641.09
20.00, 1803.03, -49.01, -11697.75
20.00, 1803.12, -48.12, -11485.37
19.98, 1803.12, -48.07, -11474.35
19.97, 1803.11, -48.20, -11505.84
19.91, 1803.11, -48.20, -11511.20
19.98, 1803.07, -48.55, -11588.40
19.92, 1803.01, -49.20, -11747.72
20.01, 1802.91, -50.18, -11976.12
20.01, 1802.74, -51.89, -12384.58
19.85, 1802.65, -52.79, -12612.15
19.93, 1802.62, -53.04, -12664.38
19.92, 1802.33, -55.96, -13363.70
19.88, 1802.31, -56.18, -13419.56
20.00, 1801.91, -60.15, -14356.44
20.08, 1801.57, -63.62, -15174.57
19.95, 1801.12, -68.09, -16256.37
19.95, 1801.31, -66.19, -15803.80
20.02, 1801.63, -62.99, -15030.88
20.02, 1801.88, -60.46, -14426.12
20.00, 1801.42, -65.06, -15526.38
19.92, 1801.52, -64.12, -15312.53
19.87, 1800.92, -70.06, -16735.68
20.12, 1800.79, -71.37, -17018.65
19.97, 1800.67, -72.61, -17332.58
19.97, 1800.52, -74.08, -17682.36
20.00, 1800.76, -71.69, -17110.58
20.01, 1801.54, -63.85, -15238.44
19.88, 1802.41, -55.14, -13170.65
20.12, 1802.10, -58.33, -13910.62
20.09, 1801.51, -64.23, -15320.67
19.77, 1802.00, -59.30, -14174.52
20.05, 1801.60, -63.26, -15092.71
19.96, 1801.67, -62.61, -14946.68
20.08, 1801.13, -67.99, -16217.25
20.14, 1801.22, -67.05, -15987.04
20.08, 1800.91, -70.20, -16744.52
20.05, 1801.03, -69.00, -16461.28
20.04, 1801.02, -69.11, -16489.11
20.15, 1801.09, -68.39, -16304.04
19.96, 1801.53, -63.98, -15274.84
20.09, 1801.31, -66.15, -15777.45
19.98, 1801.00, -69.27, -16534.38
20.09, 1800.52, -74.04, -17660.20
19.94, 1800.79, -71.42, -17053.35
20.17, 1800.67, -72.64, -17314.64
20.07, 1800.68, -72.52, -17298.96
20.08, 1800.34, -75.86, -18095.47
16.71, 1800.64, -72.91, -17809.78
20.46, 1800.16, -77.68, -18480.32
20.15, 1800.25, -76.81, -18313.21
20.09, 1800.28, -76.49, -18243.03
20.11, 1801.10, -68.24, -16273.31
20.15, 1801.13, -68.03, -16220.05
20.12, 1801.36, -65.67, -15659.17
20.07, 1801.30, -66.24, -15800.56
20.09, 1801.23, -66.94, -15966.14
20.09, 1801.21, -67.18, -16022.95
20.26, 1800.98, -69.53, -16563.70
20.14, 1801.26, -66.65, -15891.24
20.19, 1801.61, -63.18, -15059.28
20.02, 1801.71, -62.18, -14837.16
20.13, 1801.06, -68.65, -16369.42
20.01, 1801.01, -69.19, -16513.21
20.09, 1801.23, -66.96, -15971.48
20.18, 1801.58, -63.49, -15132.61
20.13, 1801.22, -67.10, -15999.73
20.02, 1801.16, -67.66, -16144.51
20.07, 1801.29, -66.39, -15836.60
20.07, 1801.42, -65.06, -15520.06
20.14, 1801.17, -67.58, -16113.10
20.11, 1800.65, -72.81, -17363.71
20.10, 1800.95, -69.82, -16652.06
20.14, 1800.96, -69.68, -16613.08
20.09, 1800.76, -71.66, -17091.32
20.08, 1801.15, -67.75, -16160.79
21.24, 1801.38, -65.53, -15506.39
20.09, 1800.85, -70.82, -16890.19
20.15, 1801.60, -63.25, -15079.15
20.14, 1801.88, -60.48, -14419.57
20.16, 1802.35, -55.80, -13302.87
20.08, 1802.75, -51.76, -12346.66
20.17, 1802.93, -49.98, -11913.42
20.07, 1802.98, -49.53, -11815.91
20.01, 1803.03, -49.02, -11698.91
20.09, 1803.05, -48.75, -11628.20
20.23, 1803.06, -48.66, -11596.02
20.15, 1803.04, -48.86, -11649.74
20.11, 1803.01, -49.17, -11727.13
20.09, 1802.99, -49.42, -11788.60
20.01, 1802.87, -50.59, -12073.86
20.11, 1802.85, -50.80, -12114.39
20.07, 1802.88, -50.44, -12032.96
20.18, 1802.85, -50.75, -12098.31
20.07, 1802.74, -51.84, -12365.46
19.94, 1802.76, -51.70, -12343.45
20.02, 1802.62, -53.09, -12669.45
20.15, 1802.51, -54.21, -12923.94
19.99, 1802.36, -55.70, -13295.52
19.97, 1802.33, -55.98, -13361.67
19.99, 1802.64, -52.89, -12623.58
20.11, 1802.85, -50.78, -12109.26
19.96, 1802.75, -51.79, -12365.11
20.02, 1802.65, -52.78, -12594.94
19.99, 1802.55, -53.74, -12827.67
20.05, 1802.45, -54.75, -13062.83
20.05, 1802.33, -56.01, -13361.92
20.04, 1802.48, -54.49, -13001.24
19.84, 1802.46, -54.73, -13076.03
20.02, 1802.42, -55.13, -13155.86
20.06, 1802.63, -52.95, -12633.00
20.06, 1802.48, -54.51, -13004.37
19.92, 1802.40, -55.33, -13213.82
19.94, 1802.02, -59.11, -14113.98
20.14, 1802.19, -57.42, -13689.30
20.08, 1802.34, -55.85, -13322.85
20.12, 1802.11, -58.14, -13864.11
20.09, 1806.78, -11.44, -2729.49
20.17, 1809.69, 17.66, 4208.83
20.14, 1807.96, 0.33, 79.75
20.11, 1805.32, -26.05, -6212.56
20.08, 1803.44, -44.86, -10701.66
20.11, 1803.04, -48.89, -11660.15
20.12, 1802.89, -50.42, -12022.81
20.12, 1802.71, -52.15, -12436.27
20.09, 1802.73, -51.97, -12395.17
20.11, 1802.55, -53.82, -12835.01
20.07, 1802.36, -55.70, -13288.14
20.04, 1802.02, -59.07, -14094.18
20.07, 1802.16, -57.68, -13758.58
20.13, 1802.35, -55.75, -13292.00
20.13, 1802.43, -54.98, -13109.32
20.16, 1802.06, -58.66, -13983.81
20.14, 1802.03, -58.95, -14055.64
20.16, 1802.11, -58.21, -13878.47
19.95, 1802.26, -56.73, -13544.56
19.92, 1802.34, -55.84, -13334.89
20.02, 1802.13, -57.99, -13837.04
19.99, 1802.10, -58.30, -13915.73
19.95, 1802.20, -57.25, -13668.88
19.98, 1802.06, -58.71, -14014.35
20.00, 1802.31, -56.17, -13405.44
20.02, 1802.06, -58.65, -13994.75
20.03, 1801.88, -60.48, -14430.33
19.97, 1801.76, -61.73, -14734.88
19.97, 1801.46, -64.70, -15443.89
19.93, 1801.21, -67.15, -16033.13
20.02, 1801.44, -64.84, -15472.84
20.08, 1801.79, -61.43, -14652.98
20.07, 1801.85, -60.83, -14512.06
20.04, 1801.84, -60.93, -14538.31
20.06, 1801.88, -60.46, -14422.29
20.04, 1802.29, -56.37, -13450.36
20.14, 1801.98, -59.47, -14179.68
20.06, 1802.16, -57.64, -13750.50
20.11, 1802.16, -57.70, -13759.22
19.95, 1801.91, -60.17, -14366.78
20.09, 1801.86, -60.67, -14471.34
20.10, 1801.66, -62.72, -14958.28
20.02, 1801.72, -62.05, -14807.19
19.95, 1802.28, -56.50, -13490.19
20.01, 1802.17, -57.57, -13739.65
20.12, 1802.31, -56.14, -13386.77
20.13, 1802.55, -53.76, -12819.65
19.95, 1802.18, -57.49, -13725.79
19.86, 1801.70, -62.32, -14888.03
20.12, 1801.84, -60.90, -14521.99
20.06, 1802.06, -58.67, -13996.87
20.29, 1800.50, -74.32, -17702.21
20.02, 1800.94, -69.90, -16679.78
20.03, 1800.94, -69.93, -16685.49
20.15, 1800.53, -74.00, -17642.07
20.05, 1800.44, -74.90, -17869.21
19.88, 1800.86, -70.70, -16887.49
20.21, 1799.96, -79.71, -18996.65
20.09, 1800.12, -78.13, -18635.75
20.17, 1801.36, -65.68, -15658.34
20.02, 1800.82, -71.11, -16968.71
20.12, 1800.79, -71.34, -17010.73
20.01, 1800.99, -69.41, -16564.66
20.11, 1800.74, -71.92, -17151.30
20.05, 1800.45, -74.76, -17835.13
20.06, 1800.54, -73.93, -17638.38
20.16, 1800.55, -73.83, -17599.78
19.82, 1800.27, -76.61, -18306.57
20.02, 1800.78, -71.48, -17055.94
20.12, 1800.79, -71.35, -17013.09
20.43, 1800.92, -70.10, -16680.17
20.20, 1801.48, -64.49, -15370.62
20.11, 1801.90, -60.25, -14369.35
20.20, 1801.42, -65.09, -15513.20
20.14, 1801.54, -63.91, -15237.93
20.46, 1801.56, -63.71, -15157.10
20.09, 1801.47, -64.58, -15403.42
20.13, 1800.55, -73.78, -17593.95
20.53, 1800.60, -73.28, -17426.32
20.06, 1800.44, -74.93, -17875.78
19.95, 1800.61, -73.14, -17463.22
20.10, 1799.97, -79.57, -18976.21
20.07, 1800.27, -76.57, -18264.73
20.09, 1800.39, -75.41, -17985.60
19.98, 1800.14, -77.84, -18581.11
20.00, 1800.08, -78.52, -18738.73
20.09, 1800.24, -76.90, -18341.77
20.05, 1800.73, -71.95, -17165.60
20.11, 1800.81, -71.14, -16966.15
20.09, 1799.76, -81.72, -19490.34
20.06, 1800.04, -78.89, -18820.46
20.13, 1800.09, -78.42, -18698.80
20.07, 1799.96, -79.72, -19015.48
20.02, 1800.37, -75.55, -18028.64
20.12, 1800.29, -76.41, -18221.75
20.07, 1800.79, -71.34, -17017.12
20.02, 1800.34, -75.84, -18097.60
20.03, 1800.90, -70.24, -16760.49
20.09, 1800.70, -72.24, -17231.33
20.10, 1800.79, -71.40, -17028.67
20.11, 1800.62, -73.08, -17428.36
20.17, 1800.67, -72.57, -17299.85
20.10, 1800.61, -73.21, -17461.91
20.09, 1800.71, -72.21, -17223.33
20.06, 1800.57, -73.57, -17550.92
20.04, 1800.46, -74.71, -17826.03
20.07, 1799.89, -80.41, -19180.90
20.00, 1800.01, -79.23, -18909.14
19.99, 1800.16, -77.71, -18548.76
20.06, 1800.73, -72.03, -17183.34
20.13, 1800.94, -69.90, -16666.58
20.13, 1800.60, -73.24, -17464.13
20.07, 1800.61, -73.22, -17466.88
20.07, 1801.15, -67.83, -16180.29
20.08, 1800.12, -78.10, -18629.57
20.18, 1799.97, -79.58, -18967.40
20.11, 1799.65, -82.76, -19735.53
20.06, 1800.50, -74.31, -17727.28
20.21, 1801.00, -69.28, -16510.80
20.07, 1800.54, -73.92, -17634.72
20.10, 1800.69, -72.35, -17255.87
20.15, 1800.45, -74.81, -17836.41
20.17, 1800.75, -71.77, -17108.07
20.23, 1800.61, -73.21, -17444.78
20.20, 1800.30, -76.28, -18180.88
20.09, 1799.87, -80.60, -19225.50
20.20, 1799.80, -81.33, -19383.24
20.08, 1800.03, -79.00, -18844.63
20.17, 1799.77, -81.63, -19459.63
20.18, 1799.46, -84.71, -20190.86
20.17, 1799.68, -82.48, -19661.49
20.11, 1799.64, -82.87, -19761.97
20.10, 1799.97, -79.56, -18975.47
20.08, 1800.16, -77.71, -18537.37
20.06, 1800.27, -76.59, -18270.31
20.12, 1799.95, -79.78, -19024.89
20.16, 1800.01, -79.14, -18866.44
20.18, 1799.85, -80.82, -19264.65
20.18, 1800.15, -77.83, -18552.61
20.10, 1802.02, -59.05, -14082.83
20.19, 1799.89, -80.37, -19154.64
20.13, 1799.38, -85.44, -20373.79
20.14, 1799.69, -82.38, -19641.60
20.14, 1799.89, -80.43, -19176.89
20.22, 1799.39, -85.34, -20337.68
20.13, 1799.98, -79.53, -18963.53
20.19, 1799.51, -84.21, -20071.00
20.10, 1799.66, -82.70, -19724.40
20.10, 1800.20, -77.25, -18423.04
20.20, 1800.00, -79.28, -18895.18
20.11, 1800.19, -77.38, -18452.73
20.20, 1799.86, -80.65, -19220.17
20.11, 1799.95, -79.84, -19039.54
20.11, 1800.05, -78.75, -18780.81
20.17, 1800.09, -78.35, -18677.69
20.18, 1800.44, -74.93, -17860.40
20.08, 1800.69, -72.36, -17261.31
20.15, 1800.75, -71.77, -17111.04
20.09, 1800.27, -76.54, -18256.59
20.18, 1800.45, -74.77, -17821.53
20.18, 1800.03, -79.03, -18838.93
20.12, 1800.54, -73.89, -17619.73
20.21, 1800.55, -73.82, -17592.05
20.12, 1799.80, -81.30, -19386.57
20.10, 1799.86, -80.67, -19239.28
20.28, 1799.86, -80.65, -19210.20
20.18, 1799.97, -79.63, -18980.67
20.13, 1800.00, -79.27, -18902.42
20.17, 1800.12, -78.10, -18617.81
20.27, 1799.60, -83.27, -19835.44
20.23, 1799.70, -82.30, -19610.55
20.18, 1799.58, -83.49, -19902.01
20.24, 1799.74, -81.85, -19501.38
20.41, 1799.78, -81.45, -19382.73
20.17, 1799.95, -79.82, -19027.83
20.25, 1800.16, -77.67, -18503.98
20.23, 1800.14, -77.86, -18552.98
20.22, 1799.97, -79.63, -18974.74
20.20, 1799.99, -79.41, -18925.85
20.31, 1799.91, -80.14, -19085.08
20.08, 1800.00, -79.26, -18905.98
20.30, 1799.91, -80.20, -19101.64
20.19, 1800.07, -78.60, -18733.55
20.20, 1800.06, -78.70, -18756.11
20.28, 1800.04, -78.89, -18791.39
20.30, 1800.18, -77.44, -18443.98
20.30, 1800.05, -78.83, -18774.19
20.43, 1800.07, -78.55, -18690.18
20.16, 1800.04, -78.85, -18797.62
20.26, 1799.80, -81.32, -19372.02
20.38, 1799.76, -81.67, -19438.49
20.25, 1799.68, -82.51, -19657.78
20.28, 1799.82, -81.04, -19304.04
20.25, 1799.68, -82.47, -19646.64
20.21, 1799.54, -83.92, -19998.76
20.28, 1799.55, -83.74, -19947.12
20.27, 1799.71, -82.16, -19572.53
20.18, 1799.42, -85.04, -20270.42
20.21, 1799.71, -82.23, -19596.52
20.34, 1799.78, -81.44, -19390.25
20.38, 1799.68, -82.45, -19626.48
20.26, 1799.49, -84.39, -20105.03
20.30, 1799.51, -84.20, -20052.89
20.23, 1799.67, -82.55, -19670.61
20.21, 1799.69, -82.42, -19642.40
20.19, 1799.48, -84.49, -20137.68
20.14, 1799.60, -83.28, -19856.47
20.30, 1799.53, -84.00, -20005.30
20.34, 1799.58, -83.53, -19887.74
20.14, 1799.73, -82.02, -19556.53
20.42, 1799.78, -81.47, -19386.97
20.23, 1799.62, -83.13, -19807.87
20.42, 1799.65, -82.80, -19703.83
20.24, 1799.07, -88.59, -21108.09
20.39, 1799.56, -83.72, -19927.09
20.25, 1799.69, -82.38, -19626.25
20.28, 1799.68, -82.53, -19659.05
20.14, 1799.56, -83.67, -19949.18
20.29, 1799.47, -84.59, -20146.33
20.17, 1799.45, -84.77, -20208.35
20.39, 1799.40, -85.25, -20289.40
20.33, 1799.55, -83.82, -19958.67
20.24, 1799.65, -82.83, -19735.28
20.36, 1799.65, -82.80, -19712.69
20.33, 1799.63, -83.00, -19762.73
20.41, 1799.75, -81.79, -19465.19
20.21, 1799.81, -81.15, -19338.01
20.17, 1799.78, -81.47, -19420.67
20.29, 1799.71, -82.16, -19570.16
20.19, 1799.62, -83.09, -19805.36
20.22, 1799.55, -83.83, -19975.94
20.27, 1798.99, -89.34, -21281.27
20.29, 1799.47, -84.63, -20157.71
20.16, 1799.38, -85.46, -20373.75
20.13, 1799.54, -83.86, -19996.15
20.36, 1799.51, -84.21, -20046.51
20.13, 1799.50, -84.33, -20107.21
20.33, 1799.48, -84.49, -20116.94
20.15, 1799.54, -83.84, -19988.22
20.35, 1799.50, -84.27, -20063.29
20.27, 1799.61, -83.19, -19816.98
20.24, 1799.28, -86.50, -20610.98
20.22, 1799.73, -82.01, -19543.11
19.95, 1799.44, -84.88, -20264.66
20.09, 1798.97, -89.60, -21371.12
20.24, 1798.95, -89.74, -21381.77
20.21, 1798.78, -91.46, -21797.32
20.12, 1798.85, -90.78, -21647.88
20.27, 1798.83, -90.94, -21663.90
20.30, 1798.66, -92.70, -22077.70
20.34, 1798.80, -91.25, -21725.90
20.27, 1798.81, -91.21, -21727.82
20.10, 1799.15, -87.78, -20934.47
20.23, 1799.02, -89.11, -21233.63
20.26, 1798.70, -92.33, -21994.67
20.27, 1798.68, -92.52, -22040.10
20.20, 1798.79, -91.43, -21790.60
20.24, 1798.75, -91.79, -21869.52
20.13, 1798.65, -92.78, -22123.27
20.16, 1798.72, -92.05, -21943.32
20.21, 1798.73, -91.97, -21918.45
20.35, 1798.70, -92.29, -21972.25
20.26, 1798.86, -90.66, -21597.69
20.17, 1798.75, -91.75, -21872.07
20.22, 1798.67, -92.61, -22068.18
20.21, 1798.84, -90.87, -21655.10
20.32, 1799.78, -81.48, -19402.47
20.30, 1800.61, -73.14, -17418.49
20.16, 1800.41, -75.14, -17912.21
20.08, 1800.48, -74.50, -17769.48
20.18, 1800.52, -74.13, -17669.70
20.15, 1801.18, -67.49, -16090.96
20.18, 1800.85, -70.76, -16867.08
20.15, 1800.54, -73.84, -17603.22
20.22, 1801.19, -67.42, -16065.47
20.08, 1802.29, -56.41, -13454.79
20.26, 1802.26, -56.73, -13515.74
20.14, 1802.36, -55.68, -13275.31
20.31, 1802.42, -55.05, -13110.55
20.24, 1802.23, -56.96, -13570.87
20.20, 1802.39, -55.34, -13189.86
20.22, 1802.26, -56.69, -13508.26
20.13, 1802.54, -53.91, -12853.67
20.08, 1801.71, -62.20, -14835.81
20.14, 1802.02, -59.12, -14097.12
20.26, 1802.44, -54.84, -13064.10
20.11, 1802.42, -55.05, -13129.19
20.14, 1802.60, -53.31, -12710.99
20.10, 1802.59, -53.35, -12724.84
20.16, 1802.52, -54.06, -12887.07
20.11, 1802.62, -53.10, -12664.24
20.18, 1802.26, -56.68, -13509.38
20.11, 1802.69, -52.43, -12504.54
20.10, 1802.61, -53.22, -12693.39
20.22, 1802.69, -52.35, -12474.16
20.11, 1802.65, -52.80, -12591.98
20.11, 1802.57, -53.58, -12778.04
20.08, 1802.67, -52.55, -12535.82
20.20, 1802.56, -53.73, -12806.01
20.11, 1802.29, -56.39, -13449.08
20.03, 1802.32, -56.08, -13381.90
20.07, 1802.40, -55.28, -13187.19
20.07, 1802.53, -54.02, -12887.34
20.17, 1802.34, -55.90, -13324.41
20.19, 1802.42, -55.09, -13129.15
20.06, 1802.26, -56.65, -13515.91
20.15, 1801.95, -59.77, -14251.11
20.05, 1802.27, -56.57, -13495.99
20.08, 1802.38, -55.50, -13237.82
20.25, 1802.23, -56.98, -13575.16
20.10, 1802.13, -58.02, -13837.45
20.18, 1802.23, -56.99, -13584.53
20.09, 1802.46, -54.66, -13037.90
20.10, 1802.34, -55.85, -13320.91
20.09, 1802.33, -56.02, -13360.63
20.10, 1802.26, -56.73, -13530.39
20.12, 1802.42, -55.07, -13133.36
20.12, 1802.27, -56.56, -13486.91
20.07, 1802.26, -56.72, -13530.91
20.07, 1802.24, -56.86, -13563.51
20.05, 1802.38, -55.51, -13243.42
20.11, 1802.17, -57.54, -13722.65
20.06, 1802.07, -58.54, -13964.98
20.08, 1802.23, -56.94, -13580.83
20.05, 1802.38, -55.49, -13238.18
19.96, 1802.00, -59.33, -14164.03
20.32, 1802.42, -55.05, -13109.62
20.05, 1802.57, -53.58, -12783.45
20.17, 1802.48, -54.47, -12984.30
20.23, 1802.30, -56.30, -13414.75
20.19, 1802.40, -55.24, -13165.87
18.56, 1802.37, -55.58, -13401.10
20.06, 1802.07, -58.58, -13975.96
20.29, 1802.63, -53.00, -12622.79
20.34, 1802.54, -53.93, -12839.40
20.23, 1802.75, -51.75, -12331.79
20.16, 1802.62, -53.08, -12655.09
20.08, 1802.46, -54.73, -13054.20
20.31, 1802.26, -56.69, -13499.97
20.19, 1802.37, -55.61, -13253.82
20.20, 1802.58, -53.47, -12744.42
20.22, 1802.36, -55.69, -13271.01
20.23, 1801.92, -60.11, -14323.58
20.22, 1802.58, -53.45, -12736.60
20.18, 1802.42, -55.05, -13122.41
20.19, 1802.14, -57.90, -13800.23
20.21, 1802.07, -58.59, -13962.94
20.20, 1802.19, -57.42, -13685.51
20.25, 1802.04, -58.91, -14034.30
20.12, 1802.05, -58.79, -14019.10
20.29, 1801.81, -61.14, -14561.97
20.33, 1802.16, -57.66, -13730.61
20.31, 1801.89, -60.34, -14369.33
20.19, 1801.94, -59.88, -14272.79
20.25, 1802.31, -56.22, -13395.35
20.14, 1802.00, -59.24, -14125.28
20.27, 1802.10, -58.25, -13874.88
20.12, 1802.56, -53.64, -12790.26
20.14, 1802.52, -54.10, -12899.25
20.26, 1802.44, -54.92, -13084.36
20.24, 1802.55, -53.81, -12819.93
20.03, 1802.01, -59.22, -14130.48
20.20, 1804.34, -35.91, -8559.16
20.22, 1804.01, -39.18, -9336.79
20.22, 1804.04, -38.93, -9277.88
20.19, 1803.71, -42.22, -10064.22
20.12, 1803.79, -41.42, -9877.94
20.10, 1803.62, -43.06, -10269.36
20.15, 1803.32, -46.11, -10993.62
20.03, 1803.30, -46.24, -11033.95
20.20, 1803.48, -44.48, -10599.43
20.11, 1803.46, -44.74, -10668.57
20.21, 1803.38, -45.50, -10844.45
20.12, 1803.35, -45.74, -10907.72
20.03, 1803.38, -45.44, -10842.13
20.21, 1803.37, -45.55, -10854.95
20.21, 1803.25, -46.77, -11146.33
20.07, 1803.48, -44.48, -10609.35
20.11, 1803.38, -45.50, -10851.87
20.21, 1803.64, -42.90, -10222.89
20.13, 1803.48, -44.51, -10612.86
20.16, 1803.49, -44.38, -10579.87
20.11, 1803.54, -43.92, -10475.11
20.06, 1803.44, -44.89, -10708.21
21.79, 1803.94, -39.86, -9396.04
20.47, 1803.76, -41.67, -9913.07
20.16, 1803.54, -43.88, -10460.66
20.31, 1803.44, -44.89, -10689.69
20.21, 1803.53, -43.95, -10472.41
20.16, 1803.49, -44.42, -10590.40
20.13, 1803.67, -42.58, -10153.21
20.35, 1803.35, -45.78, -10900.85
20.20, 1803.33, -46.01, -10966.08
20.16, 1803.31, -46.21, -11015.45
20.09, 1803.30, -46.25, -11031.29
20.19, 1803.20, -47.26, -11263.72
20.05, 1803.29, -46.34, -11055.14
20.09, 1803.23, -46.96, -11199.63
20.13, 1803.25, -46.83, -11165.83
20.25, 1803.25, -46.79, -11148.71
20.16, 1803.26, -46.73, -11139.59
20.08, 1803.17, -47.54, -11339.67
20.10, 1803.18, -47.52, -11332.58
20.17, 1804.22, -37.06, -8834.37
